2017-11-01
        proto  dport uplink_length downlink_length sumlink_length difflink_length
0         tds  54238   41944246890     41525249182    83469496072       418997708
1        smtp     25        318443          497353         815796         -178910
2        sftp     22   40383789062     37594680276    77978469338      2789108786
3       mysql   4443   46474393006     46145287191    92619680197       329105815
4         ftp     21   43504346029     44525306205    88029652234     -1020960176
5  postgresql   5432   36633979446     41464730691    78098710137     -4830751245
6         ssh     22  181239284881    179990323829   361229608710      1248961052
7     mongodb   8005   39424131286     41555046253    80979177539     -2130914967
8        http     NA     670750284     67391985333    68062735617    -66721235049


2017-11-02
        proto  dport uplink_length downlink_length sumlink_length difflink_length
0         tds  54238   39903820306     38164832679    78068652985      1738987627
1        smtp     25        321437          506165         827602         -184728
2        sftp     22   44344305949     40715180410    85059486359      3629125539
3       mysql   4443   39123869847     37714892955    76838762802      1408976892
4         ftp     21   40293737700     34894733726    75188471426      5399003974
5  postgresql   5432   47614679780     44465576365    92080256145      3149103415
6         ssh     22  173188635382    172159425968   345348061350      1029209414
7     mongodb   8005   44044235884     41045027829    85089263713      2999208055
8        http     NA     653167812     65672848351    66326016163    -65019680539


2017-11-03
        proto  dport uplink_length downlink_length sumlink_length difflink_length
0         tds  54238   39903838270     37324705106    77228543376      2579133164
1        smtp     25        330106          521118         851224         -191012
2        sftp     22   35313826791     41524871136    76838697927     -6211044345
3       mysql   4443   45844316473     42275282915    88119599388      3569033558
4         ftp     21   35163643005     36454685178    71618328183     -1291042173
5  postgresql   5432   38434204028     42304955121    80739159149     -3870751093
6         ssh     22  166148558214    177299706429   343448264643    -11151148215
7     mongodb   8005   38073981415     42875109677    80949091092     -4801128262
8        http     NA     673516669     67199317027    67872833696    -66525800358


2017-11-04
        proto  dport uplink_length downlink_length sumlink_length difflink_length
0         tds  54238     330027973       330059131      660087104          -31158
1        smtp     25        399983          377552         777535           22431
2        sftp     22     750067914       660088009     1410155923        89979905
3       mysql   4443     180055871       630076566      810132437      -450020695
4         ftp     21     300048606       570050652      870099258      -270002046
5  postgresql   5432    1080051821       660088999     1740140820       419962822
6         ssh     22    2857069925      2182452640     5039522565       674617285
7     mongodb   8005     870057156       420080773     1290137929       449976383
8        http     NA       6480897       644904814      651385711      -638423917


2017-11-05
        proto  dport uplink_length downlink_length sumlink_length difflink_length
0         tds  54238     930108504      1350147361     2280255865      -420038857
1        smtp     25         55568           72797         128365          -17229
2        sftp     22    2010178365      1620214528     3630392893       389963837
3       mysql   4443    2070198659      2610266814     4680465473      -540068155
4         ftp     21     750068533      1050106794     1800175327      -300038261
5  postgresql   5432    1920168561      1410235393     3330403954       509933168
6         ssh     22    5860732309      5400723227    11261455536       460009082
7     mongodb   8005     600085065       900065696     1500150761      -299980631
8        http     NA      33842144      3493375128     3527217272     -3459532984


2017-11-06
        proto  dport uplink_length downlink_length sumlink_length difflink_length
0         tds  54238   39483935389     38165023296    77648958685      1318912093
1        smtp     25        323111          507140         830251         -184029
2        sftp     22   39604257905     43175186592    82779444497     -3570928687
3       mysql   4443   41583973578     40835156179    82419129757       748817399
4         ftp     21   39124085860     44045212279    83169298139     -4921126419
5  postgresql   5432   43684291621     43805299260    87489590881      -121007639
6         ssh     22  173108380022    163388876424   336497256446      9719503598
7     mongodb   8005   40774047279     40625009463    81399056742       149037816
8        http     NA     656926931     66373765912    67030692843    -65716838981


2017-11-07
        proto  dport uplink_length downlink_length sumlink_length difflink_length
0         tds  54238   37773984284     42004933759    79778918043     -4230949475
1        smtp     25        319009          508019         827028         -189010
2        sftp     22   42063752643     40174861829    82238614472      1888890814
3       mysql   4443   43534300626     41615363263    85149663889      1918937363
4         ftp     21   38793694547     32764572700    71558267247      6029121847
5  postgresql   5432   36843681868     39034624584    75878306452     -2190942716
6         ssh     22  175388529163    166499670921   341888200084      8888858242
7     mongodb   8005   45934635767     48065605482    94000241249     -2130969715
8        http     NA     659024506     66372366683    67031391189    -65713342177


2017-11-08
        proto  dport uplink_length downlink_length sumlink_length difflink_length
0         tds  54238   46474242738     44225141354    90699384092      2249101384
1        smtp     25        332433          537089         869522         -204656
2        sftp     22   37023559365     34924626768    71948186133      2098932597
3       mysql   4443   45334133900     35825010169    81159144069      9509123731
4         ftp     21   43144029159     43085058212    86229087371        58970947
5  postgresql   5432   35853486694     36964456899    72817943593     -1110970205
6         ssh     22  169288006452    162259056288   331547062740      7028950164
7     mongodb   8005   42334155517     44705194946    87039350463     -2371039429
8        http     NA     677601011     68077567277    68755168288    -67399966266


2017-11-09
        proto  dport uplink_length downlink_length sumlink_length difflink_length
0         tds  54238   40233712743     40864902785    81098615528      -631190042
1        smtp     25        326386          516412         842798         -190026
2        sftp     22   38793922569     40354812740    79148735309     -1560890171
3       mysql   4443   41914200869     42215026146    84129227015      -300825277
4         ftp     21   40594142767     44974992725    85569135492     -4380849958
5  postgresql   5432   40084121497     40745134992    80829256489      -661013495
6         ssh     22  168388653578    168558942338   336947595916      -170288760
7     mongodb   8005   44104308281     40685103417    84789411698      3419204864
8        http     NA     653149409     65491105159    66144254568    -64837955750


2017-11-10
        proto  dport uplink_length downlink_length sumlink_length difflink_length
0         tds  54238   43954155325     44075151962    88029307287      -120996637
1        smtp     25        327617          518450         846067         -190833
2        sftp     22   43833979245     36995098866    80829078111      6838880379
3       mysql   4443   38164007654     40654786715    78818794369     -2490779061
4         ftp     21   42063971151     39305020347    81368991498      2758950804
5  postgresql   5432   42124465798     44975275705    87099741503     -2850809907
6         ssh     22  175508318344    171759516670   347267835014      3748801674
7     mongodb   8005   45754619910     44315519139    90070139049      1439100771
8        http     NA     626711353     63855122470    64481833823    -63228411117


2017-11-11
        proto  dport uplink_length downlink_length sumlink_length difflink_length
0         tds  54238    2220271895      3210369910     5430641805      -990098015
1        smtp     25        388807          410026         798833          -21219
2        sftp     22    3060263686      1740305629     4800569315      1319958057
3       mysql   4443    2910265176      1140309557     4050574733      1769955619
4         ftp     21    1620269379      3030286272     4650555651     -1410016893
5  postgresql   5432    1470231564      3150321429     4620552993     -1680089865
6         ssh     22   14607242424     12243363197    26850605621      2363879227
7     mongodb   8005    2850295238      3600371269     6450666507      -750076031
8        http     NA      31977330      3207844444     3239821774     -3175867114


2017-11-12
        proto  dport uplink_length downlink_length sumlink_length difflink_length
0         tds  54238     990181014      1770181367     2760362381      -780000353
1        smtp     25         56514           71999         128513          -15485
2        sftp     22    1560116992       780142924     2340259916       779974068
3       mysql   4443     900151157      2010197882     2910349039     -1110046725
4         ftp     21    1500176650      1440183393     2940360043        59993257
5  postgresql   5432    1620146507       990200753     2610347260       629945754
6         ssh     22    6550772183      5840814439    12391586622       709957744
7     mongodb   8005    2370152227      1110229022     3480381249      1259923205
8        http     NA      47543558      4739188465     4786732023     -4691644907


2017-11-13
        proto  dport uplink_length downlink_length sumlink_length difflink_length
0         tds  54238   42213957626     41255189592    83469147218       958768034
1        smtp     25        320768          502724         823492         -181956
2        sftp     22   40624073812     40174897855    80798971667       449175957
3       mysql   4443   43324179411     39155175046    82479354457      4169004365
4         ftp     21   49324553414     44345535529    93670088943      4979017885
5  postgresql   5432   38584061594     42635021019    81219082613     -4050959425
6         ssh     22  169338329970    169189021414   338527351384       149308556
7     mongodb   8005   42994326027     44825700854    87820026881     -1831374827
8        http     NA     687975058     69293454977    69981430035    -68605479919


2017-11-14
        proto  dport uplink_length downlink_length sumlink_length difflink_length
0         tds  54238   49714794627     47195696445    96910491072      2519098182
1        smtp     25        333222          526178         859400         -192956
2        sftp     22   40774199445     45035155983    85809355428     -4260956538
3       mysql   4443   38644085074     42995071196    81639156270     -4350986122
4         ftp     21   48334415753     46565698206    94900113959      1768717547
5  postgresql   5432   39513701716     37354525204    76868226920      2159176512
6         ssh     22  168448600094    166609741958   335058342052      1838858136
7     mongodb   8005   43504222543     38825156502    82329379045      4679066041
8        http     NA     699384101     69135143928    69834528029    -68435759827


2017-11-15
        proto  dport uplink_length downlink_length sumlink_length difflink_length
0         tds  54238   45394790517     51035772311    96430562828     -5640981794
1        smtp     25        331602          529361         860963         -197759
2        sftp     22   39904049396     40144993903    80049043299      -240944507
3       mysql   4443   39994136320     43745160363    83739296683     -3751024043
4         ftp     21   44584434081     49685353430    94269787511     -5100919349
5  postgresql   5432   48274106736     39395328218    87669434954      8878778518
6         ssh     22  173308891642    175600500971   348909392613     -2291609329
7     mongodb   8005   43054304969     41735183066    84789488035      1319121903
8        http     NA     673267049     67063598691    67736865740    -66390331642


2017-11-16
        proto  dport uplink_length downlink_length sumlink_length difflink_length
0         tds  54238   38734123503     42334916217    81069039720     -3600792714
1        smtp     25        335338          533390         868728         -198052
2        sftp     22   38733893050     40684947434    79418840484     -1951054384
3       mysql   4443   44944253228     40805066110    85749319338      4139187118
4         ftp     21   44254208905     36515073392    80769282297      7739135513
5  postgresql   5432   39394465767     43985404877    83379870644     -4590939110
6         ssh     22  170208901099    177995776811   348204677910     -7786875712
7     mongodb   8005   42573787643     35704714756    78278502399      6869072887
8        http     NA     685484008     69050810555    69736294563    -68365326547


2017-11-17
        proto  dport uplink_length downlink_length sumlink_length difflink_length
0         tds  54238   42604331963     46475326408    89079658371     -3870994445
1        smtp     25        331267          523930         855197         -192663
2        sftp     22   51274408494     42425430341    93699838835      8848978153
3       mysql   4443   42604196578     44345008484    86949205062     -1740811906
4         ftp     21   36394115986     44195074573    80589190559     -7800958587
5  postgresql   5432   39633779910     35404515816    75038295726      4229264094
6         ssh     22  170388040241    162708977742   333097017983      7679062499
7     mongodb   8005   44914426485     43055275049    87969701534      1859151436
8        http     NA     678176393     67666391666    68344568059    -66988215273


2017-11-18
        proto  dport uplink_length downlink_length sumlink_length difflink_length
0         tds  54238    2520211202      2370304394     4890515596       149906808
1        smtp     25        419158          395284         814442           23874
2        sftp     22    1920287687      2880341313     4800629000      -960053626
3       mysql   4443    2520291552      3210382598     5730674150      -690091046
4         ftp     21    2670314174      4170362453     6840676627     -1500048279
5  postgresql   5432    2490272548      2430319690     4920592238        59952858
6         ssh     22   14897518659     15313709809    30211228468      -416191150
7     mongodb   8005    4440439040      4740516005     9180955045      -300076965
8        http     NA      56525954      5557845952     5614371906     -5501319998


2017-11-19
        proto  dport uplink_length downlink_length sumlink_length difflink_length
0         tds  54238    3030294242      2490321436     5520615678       539972806
1        smtp     25         76634          106648         183282          -30014
2        sftp     22    2670236894      2760330364     5430567258       -90093470
3       mysql   4443    1860172997      1680209790     3540382787       179963207
4         ftp     21    2070159320      1080199421     3150358741       989959899
5  postgresql   5432    1440212542      2280266199     3720478741      -840053657
6         ssh     22    9351107676     10641098225    19992205901     -1289990549
7     mongodb   8005     900086218       840144347     1740230565        59941871
8        http     NA      65437484      6565918531     6631356015     -6500481047


2017-11-20
        proto  dport uplink_length downlink_length sumlink_length difflink_length
0         tds  54238   40683778375     40504836685    81188615060       178941690
1        smtp     25        312078          491147         803225         -179069
2        sftp     22   40504070639     41494955691    81999026330      -990885052
3       mysql   4443   42004316146     42785332334    84789648480      -781016188
4         ftp     21   43383912267     33784846147    77168758414      9599066120
5  postgresql   5432   47554314090     39215229829    86769543919      8339084261
6         ssh     22  167098693519    174989533072   342088226591     -7890839553
7     mongodb   8005   37234022939     43474950269    80708973208     -6240927330
8        http     NA     659442808     66036354879    66695797687    -65376912071


2017-11-21
        proto  dport uplink_length downlink_length sumlink_length difflink_length
0         tds  54238   36183905716     41884859582    78068765298     -5700953866
1        smtp     25        324076          508426         832502         -184350
2        sftp     22   41524176439     44495288630    86019465069     -2971112191
3       mysql   4443   39513841357     38374922769    77888764126      1138918588
4         ftp     21   43624222300     43505261968    87129484268       118960332
5  postgresql   5432   48964556522     45545610529    94510167051      3418945993
6         ssh     22  167648859513    179679856060   347328715573    -12030996547
7     mongodb   8005   39934181759     42604933201    82539114960     -2670751442
8        http     NA     666526995     66530947625    67197474620    -65864420630


2017-11-22
        proto  dport uplink_length downlink_length sumlink_length difflink_length
0         tds  54238   39184144206     41284876839    80469021045     -2100732633
1        smtp     25        326837          510557         837394         -183720
2        sftp     22   46264294158     42605071603    88869365761      3659222555
3       mysql   4443   36814218823     44675038852    81489257675     -7860820029
4         ftp     21   39034146156     43294978755    82329124911     -4260832599
5  postgresql   5432   44734352038     43505545197    88239897235      1228806841
6         ssh     22  175328877578    167409975251   342738852829      7918902327
7     mongodb   8005   34983788599     40414796958    75398585557     -5431008359
8        http     NA     681460117     68514093901    69195554018    -67832633784


2017-11-23
        proto  dport uplink_length downlink_length sumlink_length difflink_length
0         tds  54238   38913594357     33514722688    72428317045      5398871669
1        smtp     25        335241          530176         865417         -194935
2        sftp     22   42004230768     41555023961    83559254729       449206807
3       mysql   4443   43324433074     46085530416    89409963490     -2761097342
4         ftp     21   41524254499     41135286950    82659541449       388967549
5  postgresql   5432   45994427509     42665135668    88659563177      3329291841
6         ssh     22  176479142716    176879893791   353359036507      -400751075
7     mongodb   8005   40023922775     39124870351    79148793126       899052424
8        http     NA     692859226     68967356550    69660215776    -68274497324


2017-11-24
        proto  dport uplink_length downlink_length sumlink_length difflink_length
0         tds  54238   42604335002     39845413766    82449748768      2758921236
1        smtp     25        334906          526627         861533         -191721
2        sftp     22   49324330885     37475343978    86799674863     11848986907
3       mysql   4443   39603713560     38404552557    78008266117      1199161003
4         ftp     21   33573644851     38434522471    72008167322     -4860877620
5  postgresql   5432   38493620183     36064697821    74558318004      2428922362
6         ssh     22  168358448315    171099401186   339457849501     -2740952871
7     mongodb   8005   38674283389     40925103136    79599386525     -2250819747
8        http     NA     685852083     67527341667    68213193750    -66841489584


2017-11-25
        proto  dport uplink_length downlink_length sumlink_length difflink_length
0         tds  54238    2910158050      1890211167     4800369217      1019946883
1        smtp     25        364879          435423         800302          -70544
2        sftp     22    1020133779      2010212357     3030346136      -990078578
3       mysql   4443    2010190166      2190297206     4200487372      -180107040
4         ftp     21    1530177293      1920216994     3450394287      -390039701
5  postgresql   5432    1890183587      2400313471     4290497058      -510129884
6         ssh     22    7197642494      9042931087    16240573581     -1845288593
7     mongodb   8005    1590227658      2220234647     3810462305      -630006989
8        http     NA      71872513      7109878701     7181751214     -7038006188


2017-11-26
        proto  dport uplink_length downlink_length sumlink_length difflink_length
0         tds  54238    1920215615      1290238892     3210454507       629976723
1        smtp     25         71233           98881         170114          -27648
2        sftp     22    1290176125      2100194765     3390370890      -810018640
3       mysql   4443    1710173534      2310258828     4020432362      -600085294
4         ftp     21     930120116      1230194395     2160314511      -300074279
5  postgresql   5432     990129686      1740160666     2730290352      -750030980
6         ssh     22    6520878441      7490875490    14011753931      -969997049
7     mongodb   8005    1260176776      2430235257     3690412033     -1170058481
8        http     NA      65545718      6509532024     6575077742     -6443986306


2017-11-27
        proto  dport uplink_length downlink_length sumlink_length difflink_length
0         tds  54238   45514351318     42305348815    87819700133      3209002503
1        smtp     25        320110          511294         831404         -191184
2        sftp     22   41794190098     46565230091    88359420189     -4771039993
3       mysql   4443   44464069447     43415075438    87879144885      1048994009
4         ftp     21   40293873352     36484664734    76778538086      3809208618
5  postgresql   5432   39333832267     34444631974    73778464241      4889200293
6         ssh     22  172668574834    170259272249   342927847083      2409302585
7     mongodb   8005   39424277942     43415376011    82839653953     -3991098069
8        http     NA     653725372     65170898613    65824623985    -64517173241


2017-11-28
        proto  dport uplink_length downlink_length sumlink_length difflink_length
0         tds  54238   48454491809     47435754651    95890246460      1018737158
1        smtp     25        324566          513150         837716         -188584
2        sftp     22   45604468266     45485548365    91090016631       118919901
3       mysql   4443   44644458241     44375577987    89020036228       268880254
4         ftp     21   45003997459     38404930164    83408927623      6599067295
5  postgresql   5432   41133953849     36934758800    78068712649      4199195049
6         ssh     22  174808217871    167709167931   342517385802      7099049940
7     mongodb   8005   43084248678     41855334314    84939582992      1228914364
8        http     NA     677066669     67692193774    68369260443    -67015127105


2017-11-29
        proto  dport uplink_length downlink_length sumlink_length difflink_length
0         tds  54238   42244101463     44285057807    86529159270     -2040956344
1        smtp     25        316771          501730         818501         -184959
2        sftp     22   38793882137     40234777430    79028659567     -1440895293
3       mysql   4443   37203851526     38584710116    75788561642     -1380858590
4         ftp     21   37803959172     38674698745    76478657917      -870739573
5  postgresql   5432   38673819116     37474763010    76148582126      1199056106
6         ssh     22  168048434659    167569448911   335617883570       478985748
7     mongodb   8005   41434143508     44645080366    86079223874     -3210936858
8        http     NA     657851365     65639307015    66297158380    -64981455650


2017-11-30
        proto  dport uplink_length downlink_length sumlink_length difflink_length
0         tds  54238   42214313390     43685530383    85899843773     -1471216993
1        smtp     25        315742          505135         820877         -189393
2        sftp     22   43624130936     42905021159    86529152095       719109777
3       mysql   4443   39814199297     45664965959    85479165256     -5850766662
4         ftp     21   38703790884     37595000855    76298791739      1108790029
5  postgresql   5432   31323432036     34444044752    65767476788     -3120612716
6         ssh     22  160367766532    165168528852   325536295384     -4800762320
7     mongodb   8005   43414088144     40385296706    83799384850      3028791438
8        http     NA     655474024     66347897225    67003371249    -65692423201